-11585.43 -47470
-11080.83 -45410
-10570.56 -43328
-10063.69 -41259
-9554.79 -39182.
-9044.07 -37097.
-8531.03 -35004.
-8027.68 -32949.
-7517.95 -30869.
-7005.34 -28777.
-6476.45 -26618.
-5966.65 -24537.
-5463.05 -22482.
-4958.00 -20421.
-4446.50 -18333.
-3936.46 -16251.
-3423.12 -14156.
-2913.31 -12076.
-2406.85 -10008.
-1885.84 -7882.4
-1380.06 -5818.1
-850.96 -3686.22
-253.32 -2872.52
594.60 -2282 
1480.40 -1731.53
2405.70 -1163.54
3318.68 -603 
6044 1066 
6931 1610 
7855 2177 
8761 2732 
9623 3260 
10390 3730.24
11343 4357.87
13242 5712.12
14039 6266.87
14761 6722.08
15104 6964.42
15245 7013.14
15295 7063.74
15442 7094.00
15446 7110.76
15456 6997.46
15570 6820.54
15927 6818.48
16271 6836.46
16349 6941.95
16347 6933.92
16350 7013.79
16228 6903.04
16055 6744.46
16076 6424.32
16201 6003.27
16420 5799.96
16695 5841.16
16741 5941.11
16667 5988.17
16588 5808.43
16476 5998.11
16420 6339.80
16653 6274.84
16845 6149.07
16865 6254.85
16840 6147.20
16851 6085.44
16847 6035.47
16862 6115.97
16653 6237.91
16440 6550.98
16212 6812.79
16037 7067.04
15926 7256.59
15806 7518.44
15739 7899.47
15541 8181.25
15275 8347.15
14903 8500.48
14598 8597.10
14313 8741.74
14029 8847.16
14058 8775.50
14208 8521.21
14182 8753.83
14142 8796.61
14116 8799.46
13699 8675.68
13361 8470.94
13226 8204.63
13356 8050.58
13340 8140.94
13284 8336.18
13598 8584.65
13874 8636.92
14001 8817.53
14082 8827.05
13768 8709.94
13451 8899.46
13230 9131.01
13428 9237.19
13537 9191.77
13607 9192.89
13682 9235.33
13849 9360.73
13808 9356.28
13680 9350.13
13739 9485.41
13895 9178.26
14039 8899.19
14019 8906.91
14027 8992.15
13991 8910.32
14117 8677.02
14136 8638.71
14125 8548.00
14076 8738.67
13997 9015.18
14016 8980.34
13622 9498.53
13518 9437.68
13580 9221.48
13609 9216.61
13707 9207.94
13892 9185.72
13934 9384.00
14072 9464.53
14133 9423.37
13825 9298.90
13581 9170.84
13564 9151.78
13545 9155.86
13521 9125.55
13530 9185.27
13479 9150.81
13462 9120.53
13462 9120.53
13462 9120.53
13490 9129.64
13781 9237.51
14032 9370.68
14218 9555.06
14523 9658.82
14865 9645.46
15126 9823.13
15256 9981.31
15490 10063.5
15737 10249.1
15757 10275.0
15746 10255.8
15778 10272.0
15914 10420.1
16173 10576.5
16307 10621.7
16301 10509.0
16378 10394.9
16429 10367.4
16449 10198.8
16649 10104.1
16672 10109.7
16713 10042.5
16743 10234.2
16603 10195.8
16465 10050.2
16495 10081.0
16459 10050.7
16472 9983.91
16477 9983.85
16456 9986.46
16502 10022.8
16491 10046.4
16403 10034.9
16351 9947.52
16409 10105.3
16417 10304.9
16446 10219.6
16435 10106.2
16382 9960.88
16463 9962.18
16454 9953.64
16395 9989.89
16274 10027.2
16211 10153.0
15990 10362.6
16024 10744.1
16351 10974.2
16856 11130.5
17130 11085.4
17110 10986.0
17030 11029.9
16946 11058.7
16637 11178.2
16372 11145.3
16053 11281.7
15424 11652.9
14935 12178.8
14446 12711.5
13918 13201.7
13905 13250.2
13853 13539.4
13853 13752.3
13907 13846.8
13899 13970.3
13916 14223.6
13909 14622.0
13960 14804.5
14001 14761.0
14012 14742.2
14006 14741.5
14019 14774.9
14072 14782.6
14085 14784.4
14091 14793.9
14061 14803.4
14041 14797.5
14036 14792.1
14036 14792.1
14030 14785.8
14033 14788.4
14041 14783.7
13999 14840.5
13932 14875.0
13933 14814.4
13901 14695.0
13912 14663.4
13986 14729.1
14016 14758.3
13995 14765.3
13833 14618.4
13676 14353.6
13647 13996.3
13753 13677.3
13775 13370.0
13612 13126.3
13491 12969.6
13517 12994.6
13505 12776.2
13475 12443.5
13407 12061.6
13362 11838.6
13412 11719.7
13429 11563.8
13486 11317.8
13553 11324.6
13560 11325.6
13565 11324.4
13568 11322.5
13561 11320.1
13550 11313.2
13484 11378.2
13513 11477.5
13526 11453.6
13543 11478.5
13532 11468.0
13567 11537.0
13554 11583.6
13546 11546.1
13605 11596.3
13665 11620.1
13718 11687.0
13785 11639.1
13837 11676.7
13691 11628.1
13579 11532.0
13495 11562.1
13505 11432.9
13522 11448.6
13358 11445.9
13443 11447.1
13491 11409.7
13468 11422.5
13509 11483.5
13495 11467.7
13446 11587.1
13473 11614.0
13418 11985.7
13372 12732.3
13293 13466.1
13213 14200.0
13130 14954.7
13079 15688.3
13174 15957.5
13133 15902.6
13170 15940.2
13071 15937.1
13115 16028.1
13013 15943.2
13127 16080.3
13485 16100.0
13703 16224.8
13860 16350.4
13767 16283.9
13535 16314.9
12999 16352.4
12973 16273.8
12967 16202.2
12899 16383.5
12014 17400.9
11671 17765.3
10964 18506.6
10604 18882.5
10240 19261.7
9881 19643.03
9572 20018.71
9458 20269.77
9331 20542.14
9069 20851.37
8851 21170.52
8659 21487.74
8510 21791.81
8458 22121.69
8229 22274.56
7948 22554.99
7673 22847.35
7510 22998.19
7273 23180.31
6989 23378.52
6687 23525.13
6365 23792.28
6018 24387.11
3851.56 -2649.36
4130.51 -2778.09
4511.28 -2833.80
4833.11 -2748.68
5064.87 -2749.24
5135.57 -2873.62
4836.48 -2998.73
4548.93 -3110.33
4237.45 -3101.46
4101.14 -3042.52
4129.65 -2864.88
3971.15 -2781.68
3591.92 -2592.68
3617.63 -2558.31
3622.10 -2608.72
3614.50 -2498.69
3780.65 -2739.89
3728.15 -2856.47
3646.82 -3010.74
3608.26 -2952.75
3608.54 -2952.62
3657.15 -2961.51
3798.06 -2921.22
3855.09 -2983.15
3993.88 -2992.71
4008.25 -2939.92
4009.50 -2937.73
4102.35 -3064.71
4783.72 -3173.36
5113.61 -3122.91
5322.44 -3190.24
5629.88 -3212.00
5870.95 -3107.49
5911.56 -2915.11
5973.63 -2929.82
6153.56 -3044.19
6085.66 -3008.19
5906.43 -2907.67
6031.55 -3143.87
5970.89 -3432.85
5940.29 -3722.54
5897.24 -3483.31
5852.15 -3528.11
5906.37 -3685.10
5490.56 -3988.84
5107.93 -3883.64
4405.26 -3838.04
4519.39 -4165.87
4580.11 -4460.85
4722.63 -4729.59
4836.73 -5019.96
4859.69 -5276.89
4846.44 -5545.36
4795.82 -5860.98
4851.26 -6041.27
4851.48 -6041.29
4852.01 -6041.23
4838.88 -6065.54
4630.00 -6460.45
4292.48 -7107.91
3944.79 -7774.88
3590.22 -8426.65
3093.91 -8886.38
2442.09 -9082.23
2056.17 -9528.26
1626.91 -9822.07
1378.92 -10025.3
1101.39 -10082.6
797.69 -10119.91
395.66 -10192.39
184.04 -10208.11
-442.38 -10132.2
-728.08 -10081.1
-987.36 -10000.8
-1247.01 -9878.0
-1470.20 -10028.
-1300.73 -10295.
-1281.05 -10496.
-1177.18 -10593.
-903.59 -10571.2
-816.93 -10678.7
-1097.60 -10949.
-1379.91 -11088.
-1618.49 -11003.
-1837.40 -10742.
-2230.72 -10554.
-2462.37 -10458.
-2564.49 -10372.
-2564.49 -10372.
-2565.36 -10371.
-2579.04 -10376.
-2533.67 -10391.
-2358.55 -10134.
-2210.36 -9838.4
-2195.70 -9577.8
-2169.75 -9537.3
-2206.24 -9463.6
-2339.14 -9562.8
-2212.13 -9473.2
-2235.08 -9559.2
-2196.68 -9601.0
-2216.95 -9547.3
-2268.76 -9492.0
-2270.13 -9500.5
-2241.14 -9489.3
-2239.44 -9477.6
-2287.47 -9536.4
-2173.85 -9420.9
-2233.15 -9600.4
-2311.69 -9580.1
-2207.14 -9585.4
-2212.35 -9590.4
-2066.33 -9704.7
-2004.49 -9728.1
-1949.98 -9748.0
-1679.78 -9959.4
-1421.37 -10086.
-1270.25 -10291.
-1140.73 -10542.
-1043.06 -10555.
-1089.64 -10485.
-1335.75 -10426.
-1402.90 -10468.
-1380.15 -10590.
-1454.06 -10728.
-1659.94 -10752.
-1801.18 -10738.
-1964.67 -10612.
-2109.51 -10467.
-2117.70 -10366.
-2316.94 -10363.
-2260.58 -10405.
-1897.47 -10510.
-1961.25 -10893.
-2007.45 -10935.
-2177.36 -10735.
-2230.69 -10522.
-2353.30 -10421.
-2065.93 -10486.
-1917.99 -10744.
-1991.23 -10890.
-2182.99 -10766.
-2257.38 -10587.
-2218.92 -10492.
-1877.28 -10540.
-2004.75 -10629.
-2082.93 -10702.
-2254.08 -10600.
-2322.43 -10478.
-2078.73 -10510.
-1830.70 -10623.
-1958.92 -10636.
-2063.50 -10609.
-2218.71 -10614.
-2204.34 -10517.
-2285.34 -10446.
-2056.08 -10487.
-1925.81 -10736.
-2018.33 -10870.
-2037.96 -10777.
-2073.59 -10713.
-2295.57 -10476.
-2188.52 -10464.
-1857.33 -10607.
-1886.22 -10934.
-2047.36 -10794.
-2225.75 -10559.
-2060.69 -10510.
-1855.26 -10635.
-1926.77 -10679.
-1979.18 -10721.
-2045.59 -10549.
-2228.40 -10482.
-2002.72 -10516.
-1938.03 -10763.
-1992.62 -10909.
-2168.18 -10719.
-2452.41 -10482.
-2455.02 -10472.
-2260.44 -10452.
-2254.05 -10330.
-2247.52 -10248.
-2258.76 -10279.
-2209.36 -10301.
-2190.95 -10299.
-2090.45 -10358.
-2087.66 -10350.
-1955.96 -10422.
-2037.70 -10446.
-2240.24 -10447.
-2382.46 -10537.
-2354.96 -10587.
-2333.70 -10523.
-2230.04 -10555.
-2371.07 -10618.
-2394.56 -10580.
-2388.44 -10505.
-2384.33 -10455.
-2381.33 -10453.
-2415.97 -10441.
-2583.46 -10376.
-2519.79 -10416.
-2519.70 -10413.
-2541.81 -10395.
-2566.69 -10329.
-2559.22 -10327.
-2589.06 -10356.
-2479.60 -10391.
-2523.86 -10422.
-2572.02 -10390.
-2549.20 -10417.
-2566.70 -10414.
-2596.71 -10376.
-2521.53 -10398.
-2521.53 -10398.
-2437.16 -10442.
-2410.81 -10431.
-2410.81 -10431.
-2410.81 -10431.
-2533.61 -10357.
-2610.79 -10428.
-2582.45 -10438.
-2582.45 -10438.
-2582.45 -10438.
-2582.45 -10438.
-2582.45 -10438.
-2581.57 -10437.
-2541.84 -10255.
-2443.83 -10145.
-2431.11 -10037.
-2502.45 -10050.
-2543.59 -9933.6
-2564.45 -9894.8
-2451.79 -10082.
-2236.60 -10058.
-2437.25 -9952.4
-2493.09 -9934.1
-2329.14 -10201.
-2135.69 -10164.
-2344.00 -10000.
-2608.56 -9935.7
-2574.47 -9966.7
-2408.88 -9983.8
-2446.83 -9837.3
-2654.51 -9791.0
-2558.91 -10008.
-2578.38 -9815.1
-2680.52 -9697.5
-2663.08 -9744.1
-2525.28 -10036.
-2616.37 -9919.2
-2476.21 -10118.
-2297.18 -10430.
-2154.73 -10760.
-2114.51 -11078.
-2185.50 -11455.
-2191.26 -11470.
-2188.68 -11471.
-2193.91 -11478.
-2196.67 -11473.
-2206.90 -11469.
-2182.92 -11454.
-2193.17 -11465.
-2182.79 -11469.
-2519.35 -11529.
-3752.54 -11738.
-4966.91 -11930.
-6106.40 -12126.
-7194.24 -12318.
-8249.25 -12506.
-9233.78 -12681.
-10191.66 -12852
-11059.72 -13073
-11912.18 -13150
-12704.61 -12918
-13307.83 -12603
-13832.13 -12459
-14227.09 -12491
-14366.98 -12517
-14372.51 -12453
-14362.66 -12510
-14304.81 -12575
-14322.00 -12654
-14342.86 -12706
-14381.20 -12650
-14518.46 -12642
-14725.60 -12616
-15086.96 -12638
-15136.07 -12669
-15149.40 -12674
-15322.87 -12670
-15308.68 -12647
-15427.32 -12633
-15537.36 -12750
-15650.53 -12944
-15557.06 -12960
-15603.51 -12953
-15824.39 -12921
-15693.93 -12913
-15874.27 -12921
-15927.09 -13218
-15941.20 -13427
-16227.71 -13491
-16622.07 -13487
-16907.39 -13454
-17001.96 -13425
-17075.29 -13394
-17290.31 -13307
-17490.28 -13198
-17732.93 -13208
-17962.26 -13166
-18168.62 -13199
-18204.22 -13180
-18204.27 -13157
-18205.79 -13179
-18207.35 -13202
-18204.38 -13220
-18202.13 -13232
-18202.03 -13222
-18177.04 -13169
-18177.55 -13184
-18179.31 -13249
-18201.35 -13275
-18196.38 -13323
-18212.47 -13296
-18294.31 -13376
-18242.33 -13393
-18244.11 -13471
-18222.32 -13424
-18237.98 -13422
-18277.12 -13413
-18251.54 -13475
-18296.87 -13474
-18486.52 -13353
-18691.50 -13300
-18643.60 -13278
-18512.25 -13285
-18693.58 -13276
-18530.64 -13242
-18727.71 -13222
-19067.14 -13138
-19314.11 -13057
-19280.95 -13087
-19250.64 -13060
-19276.05 -13058
-19257.57 -13179
-19233.29 -13319
-19170.17 -13434
-19189.74 -13573
-19162.27 -13459
-19097.12 -13357
-19290.86 -13476
-19513.26 -13512
-19844.17 -13437
-20202.37 -13519
-20200.18 -13569
-20436.49 -13324
-20660.45 -13154
-20851.56 -13014
-20998.83 -12886
-21103.85 -12810
-21241.48 -12722
-21415.63 -12943
-21701.93 -13218
-21829.53 -13276
-21921.67 -13421
-21931.67 -13423
-22148.13 -13479
-22390.42 -13453
-22434.16 -13153
-22306.50 -12773
-22310.51 -12472
-22182.85 -12217
-21965.24 -11900
-21805.68 -11605
-21695.97 -11416
-21701.57 -11173
-21762.25 -10998
-22099.38 -11106
-22104.81 -11281
-22075.91 -11334
-22151.24 -11319
-22151.24 -11319
-22151.24 -11319
-22151.24 -11319
-22151.24 -11319
-22054.55 -11341
-22100.01 -11239
-22105.74 -11208
-22110.69 -11323
-22023.18 -11582
-22090.79 -11602
-22137.55 -11631
-22395.54 -11596
-22669.38 -11358
-22840.60 -10804
-22872.30 -10557
-22842.46 -10430
-22808.61 -10260
-22822.62 -10248
-23162.06 -10059
-23960.92 -9817.
-24300.22 -9795.
-24549.96 -9619.
-24857.26 -9493.
-25085.42 -9413.
-25381.87 -9386.
-25713.00 -9341.
-25909.71 -9538.
-25929.57 -9642.
-25942.92 -9594.
-25937.38 -9495.
-25952.74 -9567.
-25870.90 -9571.
-25907.10 -9567.
-25790.74 -9683.
-25936.32 -9743.
-25907.95 -9741.
-25836.50 -9851.
-25936.27 -10174
-25788.75 -10398
-25630.13 -10714
-25406.61 -11040
-25267.10 -11316
-25130.58 -11598
-25053.37 -11658
-24995.47 -11624
-25013.47 -11627
-25201.40 -11710
-25147.45 -11563
-25135.25 -11509
-25095.96 -11588
-25022.53 -11555
-24992.47 -11600
-24916.34 -11687
-24915.08 -11683
-24915.08 -11683
-25067.37 -11683
-25139.22 -11630
-25092.16 -11606
-24929.69 -11579
-24956.94 -11291
-24995.85 -10972
-24991.74 -10629
-25024.04 -10250
-25013.21 -10133
-25025.85 -10136
-25090.24 -10134
-25158.31 -10114
-25161.72 -10109
-25083.69 -10028
-25082.45 -9944.
-25086.95 -9959.
-25099.12 -9993.
-25075.93 -10000
-25104.51 -10002
-25085.39 -9993.
-25009.34 -9985.
-25003.93 -10019
-25004.36 -10009
-25066.59 -9935.
-25144.56 -9811.
-25112.95 -10062
-25094.13 -9941.
-25096.68 -9969.
-25048.92 -10001
-25099.07 -10022
-25042.24 -9955.
-25036.72 -9976.
-25055.09 -10022
-25097.44 -9897.
-25093.67 -10046
-25136.22 -9836.
-25158.61 -9999.
-25036.43 -9872.
-25052.95 -9945.
-25081.58 -10010
-25127.13 -9796.
-25093.03 -9889.
-25002.73 -10067
-25031.24 -10077
-25147.64 -9926.
-25104.90 -9908.
-25070.13 -9986.
-25070.13 -9986.
-25069.73 -9901.
-25053.74 -9980.
-25140.42 -9907.
-25076.30 -9994.
-25090.22 -9949.
-25110.00 -9999.
-25067.39 -10028
-25051.05 -10029
-25153.53 -9899.
-25080.54 -9923.
-25027.10 -10083
-25022.23 -10089
-25075.49 -9830.
-25057.50 -10030
-25027.07 -10095
-25022.53 -10112
-25021.21 -10139
-25114.55 -10069
-24959.24 -10047
-24995.43 -10214
-25061.71 -10188
-25043.74 -10084
-25056.71 -9927.
-25022.20 -10010
-25028.91 -10035
-25163.30 -9860.
-25133.92 -9981.
-25041.39 -9914.
-25123.08 -10034
-25159.75 -10056
-25074.94 -10025
-25039.37 -9997.
-25079.63 -10002
-25116.26 -9928.
-25052.76 -9980.
-25077.71 -9960.
-25066.38 -10024
-25055.28 -10021
-25093.23 -9995.
-25137.53 -9943.
-25041.71 -9938.
-25056.01 -9986.
-25056.01 -9986.
-25056.01 -9986.
-25135.30 -9857.
-25041.35 -9976.
-25004.51 -10024
-25025.68 -10050
-25025.68 -10050
-25019.58 -10055
-25031.62 -10046
-25033.13 -10045
-25016.64 -10022
-25020.54 -10068
-24972.30 -10081
-24970.28 -10023
-25054.00 -9958.
-25356.38 -9686.
-25464.96 -9389.
-25688.52 -9174.
-26045.96 -8993.
-26311.60 -8829.
-26555.62 -8662.
-26785.17 -8462.
-27054.52 -8236.
-27296.30 -8039.
-27439.11 -7749.
-27543.75 -7449.
-27567.61 -7154.
-27444.35 -6880.
-27319.26 -6575.
-27164.58 -6355.
-27165.12 -6218.
-27140.14 -6187.
-27088.17 -6217.
-27088.17 -6217.
-27054.52 -6187.
-27057.88 -6155.
-27118.96 -6204.
-27153.89 -6400.
-27172.91 -6420.
-27120.84 -6287.
-27088.10 -6269.
-27084.29 -6228.
-27091.75 -6226.
-27041.47 -6237.
-27093.51 -6235.
-27105.25 -6162.
-27082.71 -6268.
-27121.13 -6282.
-27074.70 -6224.
-27058.81 -6145.
-27102.49 -6174.
-27041.78 -6178.
-27175.07 -6278.
-27320.36 -6301.
-27245.79 -6307.
-27258.07 -6320.
-27203.32 -6334.
-27247.79 -6307.
-27258.98 -6356.
-27249.96 -6369.
-27274.90 -6356.
-27203.43 -6329.
-27124.75 -6307.
-27170.16 -6302.
-27183.38 -6277.
-27136.26 -6275.
-27171.62 -6278.
-27141.00 -6243.
-27113.70 -6185.
-27132.44 -6197.
-27143.93 -6215.
-27148.64 -6215.
-27144.02 -6215.
-27133.63 -6217.
-27129.45 -6217.
-27173.86 -6220.
-27173.26 -6239.
-27103.84 -6289.
-27118.70 -6281.
-27122.22 -6277.
-27125.17 -6273.
-27122.02 -6273.
-27106.91 -6280.
-27092.52 -6294.
-27200.07 -6316.
-27248.68 -6357.
-27121.04 -6235.
-27097.29 -6230.
-27115.20 -6210.
-27131.13 -6301.
-27138.61 -6290.
-27169.99 -6314.
-27177.88 -6273.
-27190.97 -6320.
-27179.74 -6300.
-27175.79 -6263.
-27169.82 -6252.
-27135.05 -6233.
-27123.06 -6260.
-27102.08 -6246.
-27124.13 -6347.
-27102.61 -6245.
-27129.75 -6264.
-27139.46 -6211.
-27089.77 -6171.
-27108.57 -6187.
-27172.22 -6177.
-27130.28 -6171.
-27115.62 -6147.
-27138.76 -6186.
-27098.87 -6247.
-27167.66 -6240.
-27186.59 -6289.
-27307.19 -6501.
-27476.26 -6944.
-27417.90 -7373.
-27224.30 -7720.
-26961.54 -8037.
-26871.99 -7891.
-26785.31 -7806.
-26701.21 -7761.
-26661.83 -7699.
-26659.62 -7732.
-26721.17 -7843.
-26829.32 -7866.
-26835.12 -7824.
-26729.42 -7819.
-26708.06 -7801.
-26668.99 -7719.
-26654.57 -7720.
-26622.39 -7652.
-26564.29 -7518.
-26296.04 -7367.
-26246.12 -7214.
-26216.33 -7269.
-26160.13 -7383.
-26234.10 -7385.
-26296.01 -7312.
-26223.80 -7326.
-26177.35 -7373.
-26149.31 -7359.
-26154.55 -7375.
-26211.36 -7354.
-26190.67 -7354.
-26158.91 -7381.
-26174.20 -7367.
-26164.54 -7390.
-26179.09 -7411.
-26181.26 -7414.
-26186.51 -7406.
-26182.88 -7412.
-26185.08 -7410.
-26189.74 -7403.
-26188.69 -7365.
-26176.71 -7343.
-26147.17 -7364.
-26197.12 -7378.
-26201.86 -7364.
-26203.42 -7364.
-26145.12 -7361.
-26151.48 -7370.
-26145.12 -7361.
-26146.03 -7363.
-26177.24 -7359.
-26145.12 -7361.
-26177.57 -7343.
-26160.90 -7354.
-26152.10 -7371.
-26153.22 -7370.
-26154.51 -7375.
-26168.74 -7364.
-26188.06 -7351.
-26338.49 -7320.
-26343.24 -7268.
-26189.63 -7181.
-26054.62 -7113.
-26057.01 -7087.
-26057.41 -7089.
-26021.43 -7141.
-26011.08 -7127.
-26018.89 -7143.
-26018.89 -7143.
-26020.88 -7128.
-26073.04 -7066.
-26013.79 -7095.
-26007.57 -7093.
-26018.73 -7102.
-26190.53 -7213.
-26145.12 -7361.
-26154.53 -7375.
-26247.80 -7310.
-26334.96 -7231.
-26280.43 -7244.
-26115.88 -7122.
-26029.67 -7136.
-26029.73 -7137.
-26049.51 -7077.
-26022.26 -7116.
-26018.89 -7143.
-26029.65 -7105.
-26052.34 -7089.
-26059.35 -7083.
-26027.60 -7138.
-26018.89 -7143.
-26012.46 -7130.
-26068.00 -7048.
-26036.18 -7117.
-26018.89 -7143.
-26018.89 -7143.
-26018.89 -7143.
-26018.89 -7143.
-26018.89 -7143.
-26018.89 -7143.
-26018.89 -7143.
-26018.89 -7143.
-26018.89 -7143.
-26018.89 -7143.
-26018.89 -7143.
-26018.89 -7143.
-26018.89 -7143.
-26018.89 -7143.
-26018.89 -7143.
-26026.44 -7139.
-26022.86 -7132.
-26017.20 -7139.
-26019.60 -7139.
-26019.74 -7140.
-26016.49 -7138.
-26016.74 -7138.
-26039.52 -7120.
-26015.45 -7073.
-26160.74 -7051.
-26076.98 -7006.
-26028.20 -7007.
-25990.30 -6787.
-25998.87 -6816.
-25998.87 -6816.
-25998.87 -6816.
-25998.87 -6816.
-25998.87 -6816.
-25998.87 -6816.
-25998.87 -6816.
-27057.69 -7966.
-27293.78 -7910.
-27280.84 -7722.
-27114.31 -7866.
-26967.94 -7954.
-26904.75 -7947.
-26904.75 -7947.
-26904.75 -7947.
-26904.75 -7947.
-26904.75 -7947.
