0000000000000000
-30489.00.37777.
-29271.39.35958.
-28090.22.34194.
-26903.76.32421.
-25686.68.30603.
-24502.18.28834.
-23311.19.27054.
-22106.01.25254.
-20929.86.23497.
-19746.70.21729.
1.0.... ----. -.
1.0.... ----. -.
-16170.73.16387.
-14937.66.14545.
-13751.33.12773.
-12566.83.11003.
-11378.87.9229.1
-10201.94.7470.9
-9016.99.5700.73
-7831.76.3930.12
-6666.51.2189.34
-5485.44.424.95.
-4299.01 -1347.4
-3128.42 -3096.2
-1934.58 -4879.6
-742.16 -6690.45
-663.56 -7673.37
-908.18 -8551.45
-1250.66 -9560.7
-1713.55 -10789.
-2163.50 -11999.
-2511.70 -12999.
-2781.20 -13807.
-3071.22 -14653.
-3493.90 -15839.
-3929.39 -17023.
-4345.13 -18152.
-4762.29 -19303.
-4986.31 -20051.
-5237.68 -20890.
-5640.08 -21950.
-6075.93 -23011.
-6503.08 -24041.
-6921.96 -25051.
-7553.63 -25704.
-8325.49 -25780.
-8853.22 -25469.
-8957.35 -25437.
-8721.00 -25445.
-8603.20 -25426.
-8551.89 -25446.
-8332.71 -25476.
-8171.97 -25247.
-8116.82 -25151.
-8088.30 -25440.
-7904.08 -25438.
-7699.06 -25494.
-7498.35 -25558.
-7392.97 -25813.
-7323.52 -25953.
-7399.77 -26026.
-7554.95 -26131.
-7739.38 -26455.
................
-8119.71 -26585.
-8310.73 -26584.
-8505.71 -26450.
................
-8948.23 -26535.
-9080.94 -26582.
-9090.17 -26579.
-9092.51 -26577.
-9083.38 -26568.
-9093.68 -26574.
-9098.67 -26565.
-9086.18 -26582.
-9090.77 -26576.
-9085.22 -26573.
-9086.79 -26583.
-9117.22 -26477.
-9108.39 -26466.
-9091.57 -26497.
..........26565.
-9019.12 -26617.
-9017.04 -26618.
-9011.82 -26583.
-9055.18 -26529.
-9099.35 -26565.
-9102.26 -26565.
-9034.10 -26552.
-9045.67 -26539.
-9083.26 -26541.
-9066.16 -26525.
-8904.83 -26510.
-8767.29 -26374.
-8691.77 -26319.
-8661.40 -26295.
-8661.40 -26295.
-8661.40 -26295.
-8661.40 -26295.
-8646.80 -26294.
-8646.80 -26294.
-8646.80 -26294.
-8646.80 -26294.
-8641.57 -26297.
-8702.30 -26288.
-8705.98 -26287.
-8777.61 -26275.
-8787.46 -26274.
-8686.34 -26268.
-8633.12 -26286.
-8658.15 -26266.
-8746.63 -26120.
-8751.27 -25802.
-8734.82 -25611.
-8721.19 -25642.
-8720.05 -25554.
-8688.24 -25674.
-8727.34 -25634.
-8611.32 -25587.
-8431.08 -25474.
-8428.50 -25400.
-8579.73 -25441.
-8734.00 -25522.
-8800.02 -25616.
................
................
................
-8692.65 -25618.
-8709.57 -25535.
-8694.75 -25470.
-8692.42 -25500.
-8638.79 -25461.
-8545.25 -25391.
-8497.63 -25395.
-8412.35 -25393.
-8358.51 -25392.
-8415.42 -25375.
-8370.60 -25390.
-8407.26 -25378.
-8384.53 -25373.
-8373.47 -25378.
-8319.03 -25396.
-8398.13 -25380.
................
................
................
................
