
................
................
................
-30748.08 -37331
-29521.61 -35544
-28306.19 -33773
-27106.99 -32025
-25903.63 -30271
-24715.38 -28540
-23509.23 -26782
-22288.45 -25003
-21063.62 -23218
-19848.80 -21448
-18643.99 -19692
-17400.86 -17881
-16209.48 -16145
-14990.38 -14368
-13760.94 -12576
-12569.77 -10841
-11363.99 -9084.
-10138.80 -7298.
-8941.22 -5553.4
-7741.92 -3805.7
-6535.52 -2047.7
-5330.74 -292.05
-4136 1447.62
-2909 3237.03
-1712 4981.01
-526 6708 
712 8558 1
833 9391 1
458 10177 
55 11005 9
-343 11839.46
-731 12652.84
-1132 13491.6
-1529 14322.8
-1915 15132.8
-2307 15952.6
-2702 16781.7
-3090 17593.6
-3521 18503.0
-3808 19269.0
-4077 19985.7
-4452 20833.3
-4740 21640.1
-4982 22358.4
-5030 22523.6
-5126 22727.3
-5423 22777.9
-5634 22766.2
-5664 22574.0
-5484 22592.1
-5481 22551.1
-5669 22617.4
-5675 22784.9
-5544 23138.7
-5474 23207.3
-5169 23160.1
-4924 23103.1
-4957 23110.6
-4983 23203.4
-5113 23192.9
-5125 23473.9
-5174 23369.3
-5197 23283.4
-5256 23085.6
-5533 23087.2
-5614 23033.5
-5587 23079.2
................
-5644 22955.5
-5382 22747.4
-5251 22793.5
-5113 22817.1
-5041 23031.1
................
-5300 22998.0
-5435 22779.1
-5415 22380.2
-5494 22244.4
-5300 21970.7
................
-5629 21918.1
-5900 21996.1
-5934 21846.3
-6010 21951.8
-6211 21993.0
-6367 21880.6
-6635 21766.8
-6668 21747.1
-6689 21751.0
-6689 21751.0
-6731 21633.1
-6804 21380.1
-6748 21177.5
-6629 20894.7
-6504 20816.6
-6417 20727.6
-6524 20569.8
-6714 20586.6
-7023 20616.5
-7320 20719.6
-7335 20651.1
-7398 20652.7
-7551 20732.2
-7574 20895.9
-7572 21061.2
-7554 21223.8
-7397 21240.1
-7258 21016.1
-7317 20801.4
-7482 20643.5
-7632 20554.6
-7662 20519.1
-7661 20560.7
-7647 20571.3
-7651 20530.9
-7780 20678.2
-7708 20646.0
-7721 20653.9
-7562 20632.2
-7497 20628.5
-7535 20551.1
-7530 20582.3
-7525 20535.2
-7632 20494.8
-7783 20235.5
-7705 20084.2
-7749 19970.3
-7850 19959.2
-7737 19987.4
-7714 20141.8
-7721 20157.4
-7721 20162.7
-7720 20167.3
-7717 20164.4
-7711 20146.6
-7712 20119.2
-7712 19980.7
................
................
................
-7658 19897.0
................
-7699 19851.7
................
-7818 19836.5
-7831 19734.1
-7911 19698.7
-8002 19743.0
-8048 19632.1
-8050 19666.3
-8047 19768.6
-7994 19782.1
-8117 19787.4
................
................
-8042 19840.3
-7795 19971.4
................
................
................
................
................
................
-8000 19950.3
-8177 19877.9
-8090 19798.1
................
-8014 19798.7
-7809 19735.1
-7933 19734.2
-8186 19803.0
-8388 19978.7
................
................
-8404 20084.9
-8279 19974.1
-7945 19919.3
-7701 19973.9
................
................
-7525 20707.3
-7233 20734.7
-6874 20844.9
-6809 21122.0
-6808 21470.6
-6653 21811.0
-6664 22110.9
-6586 22394.6
-6330 22638.8
-6022 22587.7
-5995 22576.8
-5903 22564.4
-5974 22519.8
-6151 22225.1
-6209 21913.2
-6315 21641.3
-6505 21349.6
-6641 21066.8
-6521 20835.9
-6320 20636.5
-6533 20326.2
-6790 20112.7
-6822 19973.0
................
................
-6621 20394.8
-6588 20706.5
-6586 20962.1
-6605 21149.4
-6627 21365.3
-6790 21352.9
-7128 21244.9
-7628 21106.3
-8124 20856.4
-8260 20816.9
-8079 20725.7
-7856 20765.9
-7722 21015.9
-7735 21374.1
-7878 21551.0
-7919 21708.4
................
-7990 21887.1
................
................
-8048 21956.1
-8023 21966.3
-8023 21966.3
-7915 21980.6
-7938 21954.5
-7921 21935.8
................
-7924 22059.8
-8134 21978.0
-8065 21913.0
................
-7990 21887.1
-8041 21856.8
-7929 22006.4
-7872 21832.4
-7933 22034.8
-8146 22077.5
-8242 22121.4
-8199 22227.9
1.0.... ---.. -.
-8078 22034.5
-8100 21966.3
-7970 21856.4
-7791 22088.3
-7727 22466.2
-7695 22701.3
-7607 23140.4
-7506 23650.9
-7424 24086.3
-7312 24505.9
-7163 24925.4
-7011 25409.2
-6795 25776.3
-6734 26077.2
-6709 26435.1
-6726 26801.3
-6750 27102.2
-6736 27493.8
-6711 27787.4
-6516 28066.5
-6167 28228.6
................
-6056 28710.6
-5806 28878.4
-5417 28815.0
-5169 28820.8
-4854 28832.2
-4509 28959.1
-4178 28994.7
-4072 29127.3
-3882 29075.4
-3701 29154.0
-3549 29256.3
-3219 29190.2
-2991 29328.8
-2917 29632.1
-2805 30021.5
-2769 30330.6
-2714 30636.2
-2467 30782.8
-2181 30815.0
-1897 30939.8
-1538 31072.5
-1317 31244.4
-1128 31475.5
-963 31652.11
-915 31515.38
-1070 31268.4
-1208 31079.1
-1378 30753.6
-1477 30478.3
-1505 30196.6
-1603 29949.9
-1673 29711.5
-1716 29395.4
-1736 29259.0
-1677 28965.5
-1753 28617.2
-1829 28362.4
-1856 28153.9
-1859 27898.5
-1958 27511.0
-2008 27198.0
-2097 26898.4
-2247 26553.1
-2406 26190.2
-2535 25976.7
-2590 25657.5
-2589 25293.6
-2699 25020.9
-2805 24716.7
-2902 24560.2
-2941 24502.4
-2961 24105.0
-2870 23816.4
-2818 23560.9
-2900 23335.7
-3079 23157.1
-3169 22677.0
-3281 22061.0
-3415 21427.7
-3523 20805.5
-3618 20226.6
-3698 19862.3
-3717 19616.0
-3628 19534.4
-3594 19496.6
-3708 19355.1
-3617 19135.1
-3567 18879.3
-3636 18599.5
-3618 18370.0
-3572 18151.6
-3520 17872.7
-3227 17788.7
-3049 17909.0
-2745 18011.3
-2511 18076.5
-2221 18157.5
-1976 18261.1
-1751 18429.0
-1506 18407.8
-1427 18361.9
-1406 18327.1
-1374 18297.4
-1337 18244.4
-1327 18311.2
-1195 18223.9
-1131 18160.5
-1119 18116.2
................
-1100 18055.2
-970 17872.40
-794 17673.64
................
-476 17142.61
-407 17072.98
................
-489 17235.55
-510 17271.74
................
-420 17071.13
-189 16890.16
................
230 16444 
536 16203 
763 15947 
853 15645 
935 15217 
1079 14920.77
1257 14995.94
................
1293 14982.81
1293 14982.81
1293 14982.81
1293 14982.81
1350 15061.70
1343 15093.07
1270 15098.95
1247 15048.72
1300 15010.22
1242 14976.78
1165 14973.41
1225 14968.28
1205 14977.56
1440 15120.26
1645 15324.97
1692 15393.27
1829 15304.34
2087 15420.31
1916 15307.03
1575 15178.64
1323 15034.74
1061 14874.13
831 14691 
636 14490 
492 14419 
391 14357 
224 14268 
-137 14174.13
-533 14060.13
-915 13896.71
-1245 13804.6
-1308 13760.2
-1297 13815.0
-1252 13860.2
-1226 13739.4
-1224 13721.8
-1208 13734.7
-1250 13741.6
-1210 13740.5
-1200 13996.1
-1187 14510.9
-1148 14939.7
-895 14994.58
-887 14909.53
-1015 14860.7
-1001 14836.4
-1029 15125.5
-1288 15821.5
-1726 16428.5
-2193 16916.9
-2432 17148.1
-2484 17186.8
-2546 17212.8
-2595 17257.1
-2617 17314.9
-2649 17347.5
-2670 17374.2
-2706 17425.2
-2744 17477.1
-2760 17537.9
-2780 17598.7
-2801 17658.4
-2815 17722.9
-2860 17772.8
-2910 17775.4
................
